1000110000000000
1111010111100000
1110010100010000
0011111110110000
1001001110101000
1001010011111000
0001001001100100
1010010111111100
1010010101110010
1000101011101000
0010110001001110
1110101111011000
1101110000100010
0100001000001100
0000110101000100
0000100011011010
1110001000001111
1111111110111111
1111101111101101
0101101001110101
0000111001011100
0101101100010000
0000001100110001
1110000100011011
1011111011100111
0000010011110111
0110100010111100
0010010010110000
0000100011000010
1111100100110100
0111101011101111
0110011110011111
1100011101110111
0000000100000111
1010010110001000
0010001100010100
1011010110000001
0001010011110111
1111110110010001
1111011111011011
1111000100010010
0000111001101010
1000111010000010
0110101101111110
1101100000011111
0001001011000011
0110110001011010
1101111100101010
1011011011101000
0001001111100010
0101011110010000
0001100000111010
1111111010110111
1111010110000111
0000001011001001
1111000111000101
1011110101100010
1000110001011100
0001011111001110
0100000111110000
xxxxxxxxxxxxxxxx
xxxxxxxxxxxxxxxx
0000000000000000
0000000000000000
