1100110100000000
1111011000000000
1101001000010000
0001100011010000
1011011111100010
1010101110011110
0000000001111100
1100010011000100
1001000011110100
0000100101011010
1110101001110100
0100100101001110
1111010111001000
0000111010110110
0000000100101100
0100100011111110
1111000110011110
0001001000001000
1001100010111110
1111011110011000
1001110100000000
1111001011110010
1111110100011101
0000101000110101
1010010011110110
1111110000110010
1100010000111111
0100100111010011
1101111000001001
1011111001010101
0001100101000010
1011110000110000
1011010010110110
0000000110001110
0010000001001001
1111011010000101
0010111010001111
1011101111100001
0000001111110101
1000010010110111
1110011110010100
0000010111100000
1100111110100000
0110101101001000
1101100001101000
0111011110110100
1111100110100101
1111011001101101
1000010111011000
0001101100111010
1100101011001110
0111100001111000
1110011110110011
1110110011000111
1111101110111111
1100000001101011
1100101011011001
1111101010010101
0000001000000111
1100000001110111
xxxxxxxxxxxxxxxx
xxxxxxxxxxxxxxxx
0000000000000000
0000000000000000
